segments: TP, FN, FP, TN
[2094, 295, 135, 3101]
F-1 = 0.90689
F-B = 0.88842
SEN = 0.87652
SPE = 0.95828
BAC = 0.9174
ACC = 0.92356
PPV = 0.93943
NPV = 0.91313

