segments: TP, FN, FP, TN
[2131, 258, 125, 3111]
F-1 = 0.91755
F-B = 0.90205
SEN = 0.89201
SPE = 0.96137
BAC = 0.92669
ACC = 0.93191
PPV = 0.94459
NPV = 0.92342

